0 0.177915 0.139282 0.0794758 0.131128
0 0.863017 0.429561 0.157387 0.224682
0 0.588854 0.194858 0.0740643 0.117968
0 0.468663 0.244336 0.0681068 0.11014
0 0.250499 0.468648 0.115182 0.165569
0 0.177915 0.139282 0.0794758 0.131128
0 0.863017 0.429561 0.157387 0.224682
0 0.588854 0.194858 0.0740643 0.117968
0 0.468663 0.244336 0.0681068 0.11014
0 0.250499 0.468648 0.115182 0.165569
0 0.177915 0.139282 0.0794758 0.131128
0 0.863017 0.429561 0.157387 0.224682
0 0.588854 0.194858 0.0740643 0.117968
0 0.468663 0.244336 0.0681068 0.11014
0 0.250499 0.468648 0.115182 0.165569
0 0.177915 0.139282 0.0794758 0.131128
0 0.863017 0.429561 0.157387 0.224682
0 0.588854 0.194858 0.0740643 0.117968
0 0.468663 0.244336 0.0681068 0.11014
